2577
2812
2824
2835
3018
3022
3068
3155
3276
3322
3367
3522
3628
3852
3877
3879
4091
4208
4446
4464
4489
4680
4699
5138
5147
5161
5165
5173
5224
5329
5356
5625
5648
5667
5798
5850
6022
6088
6117
6150
6155
6159
6233
6239
6242
6266
6275
6425
6426
6453
6827
8051
8098
8324
8429
8883
9453
10652
10927
11027
11029
11132
11136
11326
11352
11377
11407
11476
11527
11537
11615
11619
11702
11706
11713
11715
11786
11798
11828
11849
11883
11884
11886
11887
11889
11891
11892
11893
11894
11897
11898
11899
11900
11902
11908
11909
11912
11914
11941
11950
11968
11973
11979
11988
12017
12092
12118
12128
12186
12226
12248
12257
12326
12341
12353
12396
12418
12437
12453
12455
12476
12542
12547
12561
12566
12568
12569
12571
12585
12590
12605
12609
12611
12616
12622
12630
12638
12649
12652
12653
12699
12707
12708
12711
12742
12747
12910
13220
13228
13655
13660
13970
14316
14358
14359
14374
14375
14389
14595
14596
14597
14598
14662
14721
14919
14926
14975
15023
15031
15086
15123
15222
15274
15283
15300
15345
15368
15404
15407
15408
15435
15470
15500
15527
15562
15564
15588
15739
15753
15762
15786
15787
15861
15866
15904
15933
15959
15973
16036
16038
16039
16065
16074
16080
16149
16180
16198
16258
16269
16272
16304
16315
16345
16347
16376
16418
16435
16464
16478
16499
16605
16614
16634
16688
16761
16879
16900
16918
16937
16969
17000
17003
17013
17036
17079
17085
17143
17216
17269
17325
17329
17397
17405
17617
17643
17646
17757
17765
17772
17835
17890
17998
18094
18129
18165
18188
18195
18196
18231
18317
18484
18488
18516
18591
18600
18658
18659
18699
18710
18727
18731
18732
18760
18821
18865
18879
18901
18914
18925
18956
18981
18997
19066
19090
19098
19100
19123
19163
19195
19228
19232
19282
19312
19350
19389
19474
19486
19498
19519
19558
19659
19673
19738
19772
19822
19834
19899
19914
19921
19983
20033
20069
20071
20082
20230
20238
20280
20338
20402
20505
20564
20577
20595
20678
20818
20832
20873
20885
20886
20904
20910
20957
20999
21030
21054
21071
21080
21086
21091
21103
21106
21107
21187
21200
21273
21321
21346
21348
21362
21431
21445
21540
21582
21643
21752
21776
21806
21807
21812
21813
21861
21976
22092
22104
22158
22178
22246
22253
22350
22351
22396
22474
22616
22618
22628
22679
22703
22747
22942
22958
23049
23083
23158
23169
23295
23352
23353
23355
23358
23359
23362
23369
23417
23419
23453
23642
23702
23793
24120
24152
24232
24237
24239
24375
24454
24513
24549
24566
24643
24647
24672
24772
24792
24805
24820
24830
24888
24893
24895
24896
24904
24905
24930
24937
24985
25038
25039
25040
25085
25149
25175
25194
25218
25221
25230
25231
25328
25349
25376
25399
25476
25487
25547
25550
25551
25566
25567
25572
25608
25616
25728
25744
25775
25792
25797
25912
25916
26002
26009
26014
26065
26100
26113
26151
26178
26190
26215
26313
26366
26387
26389
26426
26447
26454
26496
26501
26563
26707
26715
26753
26760
26761
26762
26763
26842
27142
27155
27158
27167
27175
27177
27184
27204
27207
27246
27280
27322
27464
27465
27494
27497
27501
27508
27509
27511
27518
27519
27530
27540
27649
27682
27730
27736
27818
27874
27900
27979
28072
28134
28162
28577
28578
28581
28586
28595
28605
28610
28800
28841
28862
28877
28888
28908
29027
29080
29135
29141
29203
29248
29272
29325
29343
29353
29446
29451
29566
29655
29659
29664
29701
29724
29741
29793
30438
30662
30805
30936
30960
31181
31262
31349
31455
32061
32171
32283
32316
32509
32661
32686
33041
33905
33927
34354
34640
34814
34828
34886
34959
35030
35047
35065
35094
35095
35329
35335
35412
35524
35585
35693
35799
36287
36589
37257
37351
37375
37412
37665
37685
37795
37823
37857
37945
37992
38024
38153
38329
38352
38462
38572
38577
38612
38840
39329
39543
39652
39778
40129
40285
40363
40424
40428
40573
40918
40991
40994
41097
41289
41302
41312
41315
41421
41423
41426
41563
41834
41837
41930
42040
42043
42139
42202
42424
42452
42484
42502
42588
42697
42737
42743
42899
42921
42956
42983
43017
43143
43161
43191
43254
43264
43432
43660
43698
44005
44006
44008
44230
44321
44447
44538
44667
44816
44834
44840
44845
44869
44944
44950
44968
45054
45103
45127
45145
45149
45169
45203
45239
45303
45360
45504
45506
46544
46564
46574
46675
46780
46788
46880
46899
46971
46984
47115
47277
47313
47329
47334
47335
47341
47663
48088
48099
48108
48135
48170
48186
48246
48256
48402
48403
48430
48463
48532
48690
48736
48757
