2108
2115
2116
2130
2142
2151
2160
2190
2204
2207
2216
2220
2228
2229
2231
2239
2248
2274
2282
2292
2294
2313
2315
2316
2328
2329
2333
2344
2360
2402
2420
2429
2433
2515
2521
2526
2541
2542
2544
2548
2554
2555
2560
2659
2730
2785
2787
2808
2959
2968
2969
2986
2987
3059
3074
3079
3200
3224
3310
3339
3366
3371
3374
3378
3387
3390
3408
3504
3520
3524
3572
3587
3600
3609
3772
3809
3884
3912
3917
3984
3989
4005
4032
4117
4182
4201
4343
4375
4391
4403
4405
4436
4513
4523
4614
4621
4695
4754
4817
4857
4861
4862
4865
4866
4886
4891
4895
4988
4990
4995
4997
5033
5065
5121
5123
5135
5136
5142
5154
5160
5171
5181
5193
5194
5195
5201
5209
5213
5214
5215
5216
5318
5361
5383
5393
5409
5435
5440
5448
5450
5644
5646
5649
5650
5658
5743
5789
5800
5811
5815
5822
5838
5857
5895
5918
5921
6045
6089
6214
6406
6443
6446
6457
6469
6514
6532
6543
6551
6586
6603
6605
6614
6618
6622
6623
6631
6632
6633
6634
6635
6636
6687
6777
6808
6818
6862
6867
6869
6877
6878
6881
6882
6913
6994
7045
7058
7080
7171
7288
7323
7461
7517
7593
7754
7755
7756
8096
8250
8319
8331
8367
8410
8445
8738
8779
8780
8781
8851
8867
8891
8892
8950
9176
9455
9519
9520
9521
9522
9523
9524
9538
9561
10512
10513
10615
10651
10768
11020
11108
11212
11233
11314
11324
11334
11339
11362
11388
11397
11427
11534
11601
11605
11628
11701
11751
11764
11822
11844
11846
11860
11885
11927
11938
11947
11952
11990
12011
12050
12065
12109
12204
12211
12214
12222
12240
12245
12320
12323
12330
12354
12427
12450
12499
12564
12573
12620
12645
12655
12687
12701
12705
12722
12727
12729
12733
12736
12740
12745
12748
12767
12771
12912
13216
13418
13422
13446
13451
13633
13664
13681
13813
13821
13846
13847
13901
13903
14013
14308
14317
14481
14547
14591
14607
14608
14644
14645
14646
14649
14718
14720
14730
14735
14739
14749
14751
14767
14778
14879
15000
15001
15002
15030
15063
15099
15104
15124
15182
15339
15420
15507
15532
15746
15756
15878
15946
16168
16178
16181
16193
16215
16330
16377
16413
16575
16610
16662
16679
16714
16718
16743
16868
17046
17170
17209
17392
17404
17422
17616
17775
17860
17879
18095
18098
18107
18442
18445
18540
18544
18624
18889
18903
18924
18927
18947
19011
19186
19256
19490
19658
19710
19717
19781
19785
19845
19867
19943
20003
20031
20032
20112
20160
20165
20185
20415
20448
20483
20663
20932
20935
21007
21023
21064
21282
21367
21374
21404
21407
21512
21521
21597
21667
21747
21944
21947
22053
22140
22295
22352
22353
22372
22725
22726
22834
22921
22928
22986
23042
23084
23268
23303
23571
23691
23769
23795
23851
23871
23880
23882
23904
23926
23941
24001
24102
24109
24117
24138
24180
24360
24368
24388
24392
24432
24491
24504
24514
24516
24520
24527
24591
24641
24778
24797
24824
24839
24840
24890
24894
24906
24967
24980
24983
24986
24994
24995
25001
25002
25006
25068
25069
25070
25081
25092
25093
25173
25189
25193
25295
25314
25332
25386
25419
25429
25466
25467
25530
25559
25643
25649
25739
25808
25810
25897
25898
25899
25901
25903
25909
26013
26023
26066
26072
26158
26171
26176
26182
26244
26264
26272
26326
26329
26379
26396
26398
26400
26401
26414
26416
26515
26536
26605
26655
26664
26667
26678
26845
26868
26881
26945
26954
26969
27010
27028
27054
27059
27067
27103
27141
27151
27152
27159
27160
27179
27196
27208
27321
27323
27326
27351
27407
27417
27424
27460
27488
27492
27502
27513
27520
27550
27585
27623
27678
27744
27775
27781
27813
27814
27824
27856
27897
27978
27988
27989
27990
27995
27999
28012
28048
28069
28169
28398
28588
28692
28698
28784
28942
28960
29005
29006
29033
29059
29060
29125
29145
29178
29280
29309
29342
29368
29377
29379
29481
29540
29648
29656
29669
29897
29954
29987
29988
30136
30262
30268
30410
30432
30434
30555
30967
30981
30982
30983
31000
31246
31248
31253
31450
31601
31616
31978
32032
32262
32488
32512
32653
32710
32870
32907
33095
33129
33482
33861
34035
34053
34081
34128
34283
34290
34298
34320
34585
34731
34841
34982
35044
35109
35186
35245
35285
35340
35467
35555
35566
35793
36205
36297
36584
36670
36697
36767
36786
36788
36792
36821
37305
37317
37318
37332
37343
37352
37547
37621
37734
37815
37962
38083
38454
38499
38500
38699
39175
39226
39352
39436
39438
39584
39586
39761
39835
39836
39885
39975
40012
40019
40043
40060
40061
40064
40079
40092
40119
40125
40176
40246
40314
40326
40335
40463
40513
40537
40677
40769
40838
41280
41281
41286
41405
41717
41776
41783
41822
41922
41986
42309
42328
42637
42685
42760
42771
42784
42826
42834
42836
42849
42894
42901
42917
42957
42972
43189
43225
43329
43408
43626
43646
43919
44196
44231
44273
44311
44341
44428
44462
44527
44543
44571
44638
44650
45072
45133
45153
45188
45228
45269
45292
45459
45654
45901
46209
46252
46257
46334
46368
46369
46389
46390
46393
46534
46552
46563
46588
46606
46621
46627
46637
46638
46665
46672
46711
46712
46860
47053
47102
47123
47167
47255
47286
47303
47325
47326
47330
47332
47338
47371
47387
47436
47560
47561
48026
48027
48039
48062
48065
48100
48224
48353
48381
48387
48388
48404
48432
48448
48502
48570
48694
48700
48701
48790
48804
