2143
2235
2242
2482
2738
3386
3414
3507
4232
4504
5415
6148
6624
7397
7398
7508
8050
11105
11333
11345
11353
11583
11600
11716
11739
11821
11840
11871
11872
11880
11890
11895
11896
11901
11918
11982
12094
12098
12121
12132
12142
12232
12250
12276
12299
12306
12399
12400
12454
12477
12483
12489
12495
12532
12541
12543
12549
12551
12555
12565
12606
12646
12656
12661
12669
12744
12746
12761
13848
14581
14653
14776
14908
14909
14932
15007
15096
15294
15348
15522
15549
15649
15650
15700
15870
15876
16027
16122
16128
16167
16222
16287
16297
16356
16429
16441
16442
16474
16589
16758
16813
16912
17056
17171
17211
17243
17258
17261
17263
17291
17317
17340
17394
17416
17622
17697
17715
17793
17920
17933
17958
18009
18042
18049
18104
18109
18198
18278
18434
18514
18553
18560
18707
18849
18923
18929
18948
19092
19130
19162
19198
19238
19250
19273
19422
19487
19495
19526
19573
19596
19615
19624
19627
19629
19651
19693
19715
19750
19940
20083
20117
20133
20177
20181
20346
20352
20426
20545
20549
20554
20557
20576
20583
20589
20669
20724
20830
20866
20987
21022
21040
21063
21144
21201
21209
21234
21280
21287
21363
21501
21626
21718
21771
21803
21955
21982
22005
22142
22143
22152
22155
22254
22307
22355
22384
22471
22625
22648
22883
22936
23043
23050
23055
23059
23061
23062
23065
23538
23716
23735
23919
23937
23950
24014
24161
24382
24386
24564
24787
24801
24802
24803
24889
24925
24926
24929
24935
25072
25073
25075
25216
25307
25377
25462
25490
25548
25549
25611
25628
25854
25880
25900
26053
26059
26187
26194
26197
26211
26214
26232
26273
26355
26364
26393
26402
26545
26575
26675
26788
26812
26936
27083
27148
27154
27157
27193
27197
27199
27205
27297
27368
27555
27582
27584
27586
27614
27615
27616
27617
27851
28030
28749
28912
28981
28982
29084
29160
29161
29216
29266
29365
29421
29435
29474
29519
29527
29552
29740
30082
30532
30814
30970
31089
31112
31594
31595
31651
31700
31775
32113
32556
32689
33007
33866
33988
34282
34656
34825
35173
35230
35688
35794
36307
37086
37413
38755
38792
39506
39724
39929
40014
40024
40457
40761
41213
41513
42203
42467
42625
42785
42923
43181
43299
43328
43515
44192
44821
44943
44962
44967
45073
45152
45227
45235
45245
45275
45294
45347
45461
46362
47263
47348
47623
48106
48294
48435
48497
48522
